V 54
K 1
D 0 -1016000 2540000 0
Y 1
U 2159000 762000 254000 0 2 3 REFDES=J?
U 2159000 508000 254000 0 2 3 DEVICE=1663969
U 2159000 254000 254000 0 2 0 PKG_TYPE=1663969
U 2159000 0 254000 0 2 0 Description=RJ45 PCB connector, number of positions: 8, 100 Mbps
U 2159000 -254000 254000 0 2 0 Datasheet Link=https://www.phoenixcontact.com/en-ae/products/rj45-pcb-connector-cuc-ib4m-j1st-at-r4t-p-1663969
U 2159000 -508000 254000 0 2 0 Height=15.98
U 2159000 -762000 254000 0 2 0 Mouser Part Number=
U 2159000 -1016000 254000 0 2 0 Mouser Price/Stock=
U 2159000 -1270000 254000 0 2 0 Manufacturer_Name=Phoenix Contact
U 2159000 -1524000 254000 0 2 0 Manufacturer_Part_Number=1663969
U 0 0 254000 0 1 0 FORWARD_PCB=1
l 5 508000 254000 2032000 254000 2032000 -1270000 508000 -1270000 508000 254000
|GRPHSTL -1 -1 -1 1
P 1 0 0 508000 0 0 2 0
L 584200 0 228600 0 2 0 1 0 MH1
A 355600 50800 203200 0 9 3 #=1
A 0 0 9 0 3 0 PINTYPE=BI
P 2 0 -254000 508000 -254000 0 2 0
L 584200 -254000 228600 0 2 0 1 0 MH2
A 355600 -203200 203200 0 9 3 #=2
A 0 0 9 0 3 0 PINTYPE=BI
P 3 0 -508000 508000 -508000 0 2 0
L 584200 -508000 228600 0 2 0 1 0 P1
A 355600 -457200 203200 0 9 3 #=P1
A 0 0 9 0 3 0 PINTYPE=BI
P 4 0 -762000 508000 -762000 0 2 0
L 584200 -762000 228600 0 2 0 1 0 P2
A 355600 -711200 203200 0 9 3 #=P2
A 0 0 9 0 3 0 PINTYPE=BI
P 5 0 -1016000 508000 -1016000 0 2 0
L 584200 -1016000 228600 0 2 0 1 0 P3
A 355600 -965200 203200 0 9 3 #=P3
A 0 0 9 0 3 0 PINTYPE=BI
P 6 2540000 0 2032000 0 0 3 0
L 1955800 0 228600 0 8 0 1 0 P4
A 2184400 50800 203200 0 3 3 #=P4
A 0 0 9 0 3 0 PINTYPE=BI
P 7 2540000 -254000 2032000 -254000 0 3 0
L 1955800 -254000 228600 0 8 0 1 0 P5
A 2184400 -203200 203200 0 3 3 #=P5
A 0 0 9 0 3 0 PINTYPE=BI
P 8 2540000 -508000 2032000 -508000 0 3 0
L 1955800 -508000 228600 0 8 0 1 0 P6
A 2184400 -457200 203200 0 3 3 #=P6
A 0 0 9 0 3 0 PINTYPE=BI
P 9 2540000 -762000 2032000 -762000 0 3 0
L 1955800 -762000 228600 0 8 0 1 0 P7
A 2184400 -711200 203200 0 3 3 #=P7
A 0 0 9 0 3 0 PINTYPE=BI
P 10 2540000 -1016000 2032000 -1016000 0 3 0
L 1955800 -1016000 228600 0 8 0 1 0 P8
A 2184400 -965200 203200 0 3 3 #=P8
A 0 0 9 0 3 0 PINTYPE=BI
E
